A (8x8):
[[  61  -92  -71 -103 -125  -38   94   42]
 [-115   24  -17   35  117   40   37   18]
 [ -51  -32  -68  -87    9   61  -55  -66]
 [ -87  121  127  -87   97   54 -111 -100]
 [  66   -5   29    6   68 -107  -23   24]
 [ -45  -79   65    0  -66    2  -86   35]
 [-122   98  -83   -1 -127   22  -20  -85]
 [ 116 -126  -52  100  -35   93    2  -96]]

B (8x8):
[[  46   74   87  -21  127  114  -86  -41]
 [  85 -119   84   85  -40    6  -36   69]
 [  66  123    0   -1  -30 -118   76   83]
 [ 126  -98   -5 -120  -81   64  -43  -26]
 [ 116 -119  -35  -52   65  -67  -25  103]
 [-127  -91   28 -108   55  -44  -40  -11]
 [ -85  109  104  -65  112   88   33   11]
 [  -7 -117   78   23   72   37  118 -127]]

C=A@B (8x8):
[[-40636  40488  14457   8790  25237  28061   9802 -28821]
 [  5259 -32523  -5887 -12123  -2645 -14397   5049  13782]
 [-22082  -4699 -16165   3860  -3082 -14119  -8157   4534]
 [ 18232 -13546 -18197  16464 -23009 -52089  -3529  45595]
 [ 28545   4788   -604   7507   4913   3472   1103   4080]
 [ -5340   8269 -14399   3776 -15797 -15213  14516 -10422]
 [-18117  -9925  -6026  14668 -32248   -954  -7696   2153]
 [-11575  14534  -4443 -35656   9384  19881 -27799 -12780]]
